channel_groups = {
    # Shank index.
    0:
        {
            # List of channels to keep for spike detection.
            'channels':   [31,
                           163,
                           232,
                           236,
                           240,
                           249,
                           199,
                           193,
                           220,
                           36,
                           61,
                           1,
                           8,
                           12,
                           47,
                           41,
                           162,
                           212,
                           206,
                           244,
                           202,
                           198,
                           229,
                           222,
                           29,
                           25,
                           2,
                           5,
                           16,
                           46,
                           42,
                           217,
                           211,
                           207,
                           245,
                           251,
                           255,
                           228,
                           225,
                           35,
                           60,
                           55,
                           9,
                           17,
                           20,
                           95,
                           161,
                           233,
                           237,
                           241,
                           203,
                           197,
                           192,
                           223,
                           37,
                           58,
                           54,
                           6,
                           51,
                           45,
                           40,
                           216,
                           234,
                           205,
                           242,
                           201,
                           195,
                           218,
                           224,
                           28,
                           24,
                           3,
                           13,
                           50,
                           21,
                           39,
                           215,
                           210,
                           204,
                           246,
                           252,
                           231,
                           227,
                           32,
                           63,
                           59,
                           53,
                           14,
                           18,
                           22,
                           94,
                           160,
                           235,
                           238,
                           247,
                           200,
                           196,
                           219,
                           33,
                           27,
                           57,
                           7,
                           10,
                           48,
                           44,
                           38,
                           213,
                           209,
                           239,
                           248,
                           253,
                           194,
                           221,
                           30,
                           26,
                           0,
                           4,
                           11,
                           49,
                           43,
                           93,
                           168,
                           159,
                           154,
                           181,
                           145,
                           140,
                           191,
                           131,
                           125,
                           120,
                           67,
                           111,
                           106,
                           77,
                           97,
                           172,
                           175,
                           153,
                           182,
                           185,
                           139,
                           167,
                           164,
                           90,
                           119,
                           114,
                           71,
                           105,
                           100,
                           81,
                           169,
                           157,
                           179,
                           148,
                           143,
                           189,
                           134,
                           129,
                           123,
                           65,
                           68,
                           109,
                           75,
                           78,
                           84,
                           173,
                           156,
                           151,
                           183,
                           142,
                           137,
                           166,
                           128,
                           122,
                           117,
                           69,
                           108,
                           103,
                           79,
                           85,
                           170,
                           176,
                           152,
                           147,
                           186,
                           138,
                           133,
                           127,
                           89,
                           118,
                           113,
                           72,
                           104,
                           99,
                           82,
                           171,
                           177,
                           180,
                           146,
                           187,
                           190,
                           132,
                           126,
                           121,
                           66,
                           112,
                           107,
                           76,
                           98,
                           86,
                           174,
                           155,
                           150,
                           184,
                           141,
                           136,
                           165,
                           91,
                           88,
                           116,
                           70,
                           73,
                           102,
                           80,
                           83,
                           158,
                           178,
                           149,
                           144,
                           188,
                           135,
                           130,
                           124,
                           64,
                           115,
                           110,
                           74,
                           101,
                           96,
                           87,
                           214,
                           208,
                           243,
                           250,
                           254,
                           230,
                           226,
                           34,
                           62,
                           56,
                           52,
                           15,
                           19,
                           23,
                           92],

           

            # 2D positions of the channels, only for visualization purposes.
            # The unit doesn't matter.
            'geometry': {
                0: (70, 90),
                1: (0, 100),
                2: (10, 100),
                3: (40, 100),
                4: (70, 100),
                5: (10, 110),
                6: (30, 110),
                7: (60, 100),
                8: (0, 110),
                9: (20, 110),
                10: (60, 110),
                11: (70, 110),
                12: (0, 120),
                13: (40, 110),
                14: (50, 110),
                15: (160, 110),
                16: (10, 120),
                17: (20, 120),
                18: (50, 120),
                19: (160, 120),
                20: (20, 130),
                21: (40, 130),
                22: (50, 130),
                23: (160, 130),
                24: (40, 90),
                25: (10, 90),
                26: (70, 80),
                27: (60, 80),
                28: (40, 80),
                29: (10, 80),
                30: (70, 70),
                31: (-1, -1),
                32: (50, 70),
                33: (60, 70),
                34: (160, 70),
                35: (20, 80),
                36: (0, 80),
                37: (30, 80),
                38: (60, 140),
                39: (40, 140),
                40: (30, 140),
                41: (0, 140),
                42: (10, 140),
                43: (70, 130),
                44: (60, 130),
                45: (30, 130),
                46: (10, 130),
                47: (0, 130),
                48: (60, 120),
                49: (70, 120),
                50: (40, 120),
                51: (30, 120),
                52: (160, 100),
                53: (50, 100),
                54: (30, 100),
                55: (20, 100),
                56: (160, 90),
                57: (60, 90),
                58: (30, 90),
                59: (50, 90),
                60: (20, 90),
                61: (0, 90),
                62: (160, 80),
                63: (50, 80),
                64: (150, 80),
                65: (100, 90),
                66: (130, 90),
                67: (80, 100),
                68: (100, 100),
                69: (110, 100),
                70: (140, 100),
                71: (90, 110),
                72: (120, 110),
                73: (140, 110),
                74: (150, 110),
                75: (100, 120),
                76: (130, 120),
                77: (80, 130),
                78: (100, 130),
                79: (110, 130),
                80: (140, 130),
                81: (90, 140),
                82: (120, 140),
                83: (140, 140),
                84: (100, 140),
                85: (110, 140),
                86: (130, 140),
                87: (150, 140),
                88: (140, 80),
                89: (120, 80),
                90: (90, 80),
                91: (140, 70),
                92: (160, 140),
                93: (70, 140),
                94: (50, 140),
                95: (20, 140),
                96: (150, 130),
                97: (80, 140),
                98: (130, 130),
                99: (120, 130),
                100: (90, 130),
                101: (150, 120),
                102: (140, 120),
                103: (110, 120),
                104: (120, 120),
                105: (90, 120),
                106: (80, 120),
                107: (130, 110),
                108: (110, 110),
                109: (100, 110),
                110: (150, 100),
                111: (80, 110),
                112: (130, 100),
                113: (120, 100),
                114: (90, 100),
                115: (150, 90),
                116: (140, 90),
                117: (110, 90),
                118: (120, 90),
                119: (90, 90),
                120: (80, 90),
                121: (130, 80),
                122: (110, 80),
                123: (100, 80),
                124: (150, 70),
                125: (80, 80),
                126: (130, 70),
                127: (120, 70),
                128: (110, 70),
                129: (100, 70),
                130: (150, 60),
                131: (80, 70),
                132: (130, 60),
                133: (120, 60),
                134: (100, 60),
                135: (150, 50),
                136: (140, 50),
                137: (110, 50),
                138: (120, 50),
                139: (90, 50),
                140: (80, 50),
                141: (140, 40),
                142: (110, 40),
                143: (100, 40),
                144: (150, 30),
                145: (80, 40),
                146: (130, 30),
                147: (120, 30),
                148: (100, 30),
                149: (150, 20),
                150: (140, 20),
                151: (110, 20),
                152: (120, 20),
                153: (90, 20),
                154: (80, 20),
                155: (140, 10),
                156: (110, 10),
                157: (100, 10),
                158: (150, 0),
                159: (80, 10),
                160: (60, 0),
                161: (30, 0),
                162: (10, 0),
                163: (0, 0),
                164: (90, 70),
                165: (140, 60),
                166: (110, 60),
                167: (90, 60),
                168: (80, 0),
                169: (100, 0),
                170: (120, 0),
                171: (130, 0),
                172: (90, 0),
                173: (110, 0),
                174: (140, 0),
                175: (90, 10),
                176: (120, 10),
                177: (130, 10),
                178: (150, 10),
                179: (100, 20),
                180: (130, 20),
                181: (80, 30),
                182: (90, 30),
                183: (110, 30),
                184: (140, 30),
                185: (90, 40),
                186: (120, 40),
                187: (130, 40),
                188: (150, 40),
                189: (100, 50),
                190: (130, 50),
                191: (80, 60),
                192: (30, 60),
                193: (0, 60),
                194: (70, 50),
                195: (40, 50),
                196: (60, 50),
                197: (30, 50),
                198: (10, 50),
                199: (0, 50),
                200: (60, 40),
                201: (40, 40),
                202: (10, 40),
                203: (30, 40),
                204: (50, 20),
                205: (40, 20),
                206: (10, 20),
                207: (20, 20),
                208: (160, 10),
                209: (70, 10),
                210: (50, 10),
                211: (20, 10),
                212: (10, 10),
                213: (70, 0),
                214: (160, 0),
                215: (50, 0),
                216: (40, 0),
                217: (20, 0),
                218: (40, 60),
                219: (60, 60),
                220: (0, 70),
                221: (70, 60),
                222: (10, 70),
                223: (30, 70),
                224: (40, 70),
                225: (20, 70),
                226: (160, 60),
                227: (50, 60),
                228: (20, 60),
                229: (10, 60),
                230: (160, 50),
                231: (50, 50),
                232: (0, 10),
                233: (30, 10),
                234: (40, 10),
                235: (60, 10),
                236: (0, 20),
                237: (30, 20),
                238: (60, 20),
                239: (70, 20),
                240: (0, 30),
                241: (30, 30),
                242: (40, 30),
                243: (160, 20),
                244: (10, 30),
                245: (20, 30),
                246: (50, 30),
                247: (60, 30),
                248: (70, 30),
                249: (0, 40),
                250: (160, 30),
                251: (20, 40),
                252: (50, 40),
                253: (70, 40),
                254: (160, 40),
                255: (20, 50),

            }
    }
}
