channel_groups = {
    # Shank index.
    0:
        {
            # List of channels to keep for spike detection.
            'channels':   [0,
                           1,
                           2,
                           3,
                           4,
                           5,
                           6,
                           7,
                           8,
                           9,
                           10,
                           11,
                           12,
                           13,
                           14,
                           15,
                           16,
                           17,
                           18,
                           19,
                           20,
                           21,
                           22,
                           23,
                           24,
                           25,
                           26,
                           27,
                           28,
                           29,
                           30,
                           31,
                           32,
                           33,
                           34,
                           35,
                           36,
                           37,
                           38,
                           39,
                           40,
                           41,
                           42,
                           43,
                           44,
                           45,
                           46,
                           47,
                           48,
                           49,
                           50,
                           51,
                           52,
                           53,
                           54,
                           55,
                           56,
                           57,
                           58,
                           59,
                           60,
                           61,
                           62,
                           63,
                           64,
                           65,
                           66,
                           67,
                           68,
                           69,
                           70,
                           71,
                           72,
                           73,
                           74,
                           75,
                           76,
                           77,
                           78,
                           79,
                           80,
                           81,
                           82,
                           83,
                           84,
                           85,
                           86,
                           87,
                           88,
                           89,
                           90,
                           91,
                           92,
                           93,
                           94,
                           95,
                           96,
                           97,
                           98,
                           99,
                           100,
                           101,
                           102,
                           103,
                           104,
                           105,
                           106,
                           107,
                           108,
                           109,
                           110,
                           111,
                           112,
                           113,
                           114,
                           115,
                           116,
                           117,
                           118,
                           119,
                           120,
                           121,
                           122,
                           123,
                           124,
                           125,
                           126,
                           127,
                           128,
                           129,
                           130,
                           131,
                           132,
                           133,
                           134,
                           135,
                           136,
                           137,
                           138,
                           139,
                           140,
                           141,
                           142,
                           143,
                           144,
                           145,
                           146,
                           147,
                           148,
                           149,
                           150,
                           151,
                           152,
                           153,
                           154,
                           155,
                           156,
                           157,
                           158,
                           159,
                           160,
                           161,
                           162,
                           163,
                           164,
                           165,
                           166,
                           167,
                           168,
                           169,
                           170,
                           171,
                           172,
                           173,
                           174,
                           175,
                           176,
                           177,
                           178,
                           179,
                           180,
                           181,
                           182,
                           183,
                           184,
                           185,
                           186,
                           187,
                           188,
                           189,
                           190,
                           191,
                           192,
                           193,
                           194,
                           195,
                           196,
                           197,
                           198,
                           199,
                           200,
                           201,
                           202,
                           203,
                           204,
                           205,
                           206,
                           207,
                           208,
                           209,
                           210,
                           211,
                           212,
                           213,
                           214,
                           215,
                           216,
                           217,
                           218,
                           219,
                           220,
                           221,
                           222,
                           223,
                           224,
                           225,
                           226,
                           227,
                           228,
                           229,
                           230,
                           231,
                           232,
                           233,
                           234,
                           235,
                           236,
                           237,
                           238,
                           239,
                           240,
                           241,
                           242,
                           243,
                           244,
                           245,
                           246,
                           247,
                           248,
                           249,
                           250,
                           251,
                           252,
                           253,
                           254,
                           255,
                           256,
                           257,
                           258,
                           259,
                           260,
                           261,
                           262,
                           263,
                           264,
                           265,
                           266,
                           267,
                           268,
                           269,
                           270,
                           271,
                           272,
                           273,
                           274,
                           275,
                           276,
                           277,
                           278,
                           279,
                           280,
                           281,
                           282,
                           283,
                           284,
                           285,
                           286,
                           287,
                           288,
                           289,
                           290,
                           291,
                           292,
                           293,
                           294,
                           295,
                           296,
                           297,
                           298,
                           299,
                           300,
                           301,
                           302,
                           303,
                           304,
                           305,
                           306,
                           307,
                           308,
                           309,
                           310,
                           311,
                           312,
                           313,
                           314,
                           315,
                           316,
                           317,
                           318,
                           319,
                           320,
                           321,
                           322,
                           323,
                           324,
                           325,
                           326,
                           327,
                           328,
                           329,
                           330,
                           331,
                           332,
                           333,
                           334,
                           335,
                           336,
                           337,
                           338,
                           339,
                           340,
                           341,
                           342,
                           343,
                           344,
                           345,
                           346,
                           347,
                           348,
                           349,
                           350,
                           351,
                           352,
                           353,
                           354,
                           355,
                           356,
                           357,
                           358,
                           359,
                           360,
                           361,
                           362,
                           363,
                           364,
                           365,
                           366,
                           367,
                           368,
                           369,
                           370,
                           371,
                           372,
                           373,
                           374,
                           375,
                           376,
                           377,
                           378,
                           379,
                           380,
                           381,
                           382,
                           383,
                           384,
                           385,
                           386,
                           387,
                           388,
                           389,
                           390,
                           391,
                           392,
                           393,
                           394,
                           395,
                           396,
                           397,
                           398,
                           399,
                           400,
                           401,
                           402,
                           403,
                           404,
                           405,
                           406,
                           407,
                           408,
                           409,
                           410,
                           411,
                           412,
                           413,
                           414,
                           415,
                           416,
                           417,
                           418,
                           419,
                           420,
                           421,
                           422,
                           423,
                           424,
                           425,
                           426,
                           427,
                           428,
                           429,
                           430,
                           431,
                           432,
                           433,
                           434,
                           435,
                           436,
                           437,
                           438,
                           439,
                           440,
                           441,
                           442,
                           443,
                           444,
                           445,
                           446,
                           447,
                           448,
                           449,
                           450,
                           451,
                           452,
                           453,
                           454,
                           455,
                           456,
                           457,
                           458,
                           459,
                           460,
                           461,
                           462,
                           463,
                           464,
                           465,
                           466,
                           467,
                           468,
                           469,
                           470,
                           471,
                           472,
                           473,
                           474,
                           475,
                           476,
                           477,
                           478,
                           479,
                           480,
                           481,
                           482,
                           483,
                           484,
                           485,
                           486,
                           487,
                           488,
                           489,
                           490,
                           491,
                           492,
                           493,
                           494,
                           495,
                           496,
                           497,
                           498,
                           499,
                           500,
                           501,
                           502,
                           503,
                           504,
                           505,
                           506,
                           507,
                           508,
                           509,
                           510,
                           511,
                           512,
                           513,
                           514,
                           515,
                           516,
                           517,
                           518,
                           519,
                           520,
                           521,
                           522,
                           523,
                           524,
                           525,
                           526,
                           527,
                           528,
                           529,
                           530,
                           531,
                           532,
                           533,
                           534,
                           535,
                           536,
                           537,
                           538,
                           539,
                           540,
                           541,
                           542,
                           543,
                           544,
                           545,
                           546,
                           547,
                           548,
                           549,
                           550,
                           551,
                           552,
                           553,
                           554,
                           555,
                           556,
                           557,
                           558,
                           559,
                           560,
                           561,
                           562,
                           563,
                           564,
                           565,
                           566,
                           567,
                           568,
                           569,
                           570,
                           571,
                           572,
                           573,
                           574,
                           575,
                           576,
                           577,
                           578,
                           579,
                           580,
                           581,
                           582,
                           583,
                           584,
                           585,
                           586,
                           587,
                           588,
                           589,
                           590,
                           591,
                           592,
                           593,
                           594,
                           595,
                           596,
                           597,
                           598,
                           599,
                           600,
                           601,
                           602,
                           603,
                           604,
                           605,
                           606,
                           607,
                           608,
                           609,
                           610,
                           611,
                           612,
                           613,
                           614,
                           615,
                           616,
                           617,
                           618,
                           619,
                           620,
                           621,
                           622,
                           623,
                           624,
                           625,
                           626,
                           627,
                           628,
                           629,
                           630,
                           631,
                           632,
                           633,
                           634,
                           635,
                           636,
                           637,
                           638,
                           639,
                           640,
                           641,
                           642,
                           643,
                           644,
                           645,
                           646,
                           647,
                           648,
                           649,
                           650,
                           651,
                           652,
                           653,
                           654,
                           655,
                           656,
                           657,
                           658,
                           659,
                           660,
                           661,
                           662,
                           663,
                           664,
                           665,
                           666,
                           667,
                           668,
                           669,
                           670,
                           671,
                           672,
                           673,
                           674,
                           675,
                           676,
                           677,
                           678,
                           679,
                           680,
                           681,
                           682,
                           683,
                           684,
                           685,
                           686,
                           687,
                           688,
                           689,
                           690,
                           691,
                           692,
                           693,
                           694,
                           695,
                           696,
                           697,
                           698,
                           699,
                           700,
                           701,
                           702,
                           703,
                           704,
                           705,
                           706,
                           707,
                           708,
                           709,
                           710,
                           711,
                           712,
                           713,
                           714,
                           715,
                           716,
                           717,
                           718,
                           719,
                           720,
                           721,
                           722,
                           723,
                           724,
                           725,
                           726,
                           727,
                           728,
                           729,
                           730,
                           731,
                           732,
                           733,
                           734,
                           735,
                           736,
                           737,
                           738,
                           739,
                           740,
                           741,
                           742,
                           743,
                           744,
                           745,
                           746,
                           747,
                           748,
                           749,
                           750,
                           751,
                           752,
                           753,
                           754,
                           755,
                           756,
                           757,
                           758,
                           759,
                           760,
                           761,
                           762,
                           763,
                           764,
                           765,
                           766,
                           767,
                           768,
                           769,
                           770,
                           771,
                           772,
                           773,
                           774,
                           775,
                           776,
                           777,
                           778,
                           779,
                           780,
                           781,
                           782,
                           783,
                           784,
                           785,
                           786,
                           787,
                           788,
                           789,
                           790,
                           791,
                           792,
                           793,
                           794,
                           795,
                           796,
                           797,
                           798,
                           799,
                           800,
                           801,
                           802,
                           803,
                           804,
                           805,
                           806,
                           807,
                           808,
                           809,
                           810,
                           811,
                           812,
                           813,
                           814,
                           815,
                           816,
                           817,
                           818,
                           819,
                           820,
                           821,
                           822,
                           823,
                           824,
                           825,
                           826,
                           827,
                           828,
                           829,
                           830,
                           831,
                           832,
                           833,
                           834,
                           835,
                           836,
                           837,
                           838,
                           839,
                           840,
                           841,
                           842,
                           843,
                           844,
                           845,
                           846,
                           847,
                           848,
                           849,
                           850,
                           851,
                           852,
                           853,
                           854,
                           855,
                           856,
                           857,
                           858,
                           859,
                           860,
                           861,
                           862,
                           863,
                           864,
                           865,
                           866,
                           867,
                           868,
                           869,
                           870,
                           871,
                           872,
                           873,
                           874,
                           875,
                           876,
                           877,
                           878,
                           879,
                           880,
                           881,
                           882,
                           883,
                           884,
                           885,
                           886,
                           887,
                           888,
                           889,
                           890,
                           891,
                           892,
                           893,
                           894,
                           895,
                           896,
                           897,
                           898,
                           899,
                           900,
                           901,
                           902,
                           903,
                           904,
                           905,
                           906,
                           907,
                           908,
                           909,
                           910,
                           911,
                           912,
                           913,
                           914,
                           915,
                           916,
                           917,
                           918,
                           919,
                           920,
                           921,
                           922,
                           923,
                           924,
                           925,
                           926,
                           927,
                           928,
                           929,
                           930,
                           931,
                           932,
                           933,
                           934,
                           935,
                           936,
                           937,
                           938,
                           939,
                           940,
                           941,
                           942,
                           943,
                           944,
                           945,
                           946,
                           947,
                           948,
                           949,
                           950,
                           951,
                           952,
                           953,
                           954,
                           955,
                           956,
                           957,
                           958,
                           959,
                           960,
                           961,
                           962,
                           963,
                           964,
                           965,
                           966,
                           967,
                           968,
                           969,
                           970,
                           971,
                           972,
                           973,
                           974,
                           975,
                           976,
                           977,
                           978,
                           979,
                           980,
                           981,
                           982,
                           983,
                           984,
                           985,
                           986,
                           987,
                           988,
                           989,
                           990,
                           991,
                           992,
                           993,
                           994,
                           995,
                           996,
                           997,
                           998,
                           999,
                           1000,
                           1001,
                           1002,
                           1003,
                           1004,
                           1005,
                           1006,
                           1007,
                           1008,
                           1009,
                           1010,
                           1011,
                           1012,
                           1013,
                           1014,
                           1015,
                           1016,
                           1017,
                           1018,
                           1019,
                           1020,
                           1021,
                           1022,
                           1023,
                           1024,
                           1025,
                           1026,
                           1027,
                           1028,
                           1029,
                           1030,
                           1031,
                           1032,
                           1033,
                           1034,
                           1035,
                           1036,
                           1037,
                           1038,
                           1039,
                           1040,
                           1041,
                           1042,
                           1043,
                           1044,
                           1045,
                           1046,
                           1047,
                           1048,
                           1049,
                           1050,
                           1051,
                           1052,
                           1053,
                           1054,
                           1055,
                           1056,
                           1057,
                           1058,
                           1059,
                           1060,
                           1061,
                           1062,
                           1063,
                           1064,
                           1065,
                           1066,
                           1067,
                           1068,
                           1069,
                           1070,
                           1071,
                           1072,
                           1073,
                           1074,
                           1075,
                           1076,
                           1077,
                           1078,
                           1079,
                           1080,
                           1081,
                           1082,
                           1083,
                           1084,
                           1085,
                           1086,
                           1087,
                           1088,
                           1089,
                           1090,
                           1091,
                           1092,
                           1093,
                           1094,
                           1095,
                           1096,
                           1097,
                           1098,
                           1099,
                           1100,
                           1101,
                           1102,
                           1103,
                           1104,
                           1105,
                           1106,
                           1107,
                           1108,
                           1109,
                           1110,
                           1111,
                           1112,
                           1113,
                           1114,
                           1115,
                           1116,
                           1117,
                           1118,
                           1119,
                           1120,
                           1121,
                           1122,
                           1123,
                           1124,
                           1125,
                           1126,
                           1127,
                           1128,
                           1129,
                           1130,
                           1131,
                           1132,
                           1133,
                           1134,
                           1135,
                           1136,
                           1137,
                           1138,
                           1139,
                           1140,
                           1141,
                           1142,
                           1143,
                           1144,
                           1145,
                           1146,
                           1147,
                           1148,
                           1149,
                           1150,
                           1151,
                           1152,
                           1153,
                           1154,
                           1155,
                           1156,
                           1157,
                           1158,
                           1159,
                           1160,
                           1161,
                           1162,
                           1163,
                           1164,
                           1165,
                           1166,
                           1167,
                           1168,
                           1169,
                           1170,
                           1171,
                           1172,
                           1173,
                           1174,
                           1175,
                           1176,
                           1177,
                           1178,
                           1179,
                           1180,
                           1181,
                           1182,
                           1183,
                           1184,
                           1185,
                           1186,
                           1187,
                           1188,
                           1189,
                           1190,
                           1191,
                           1192,
                           1193,
                           1194,
                           1195,
                           1196,
                           1197,
                           1198,
                           1199,
                           1200,
                           1201,
                           1202,
                           1203,
                           1204,
                           1205,
                           1206,
                           1207,
                           1208,
                           1209,
                           1210,
                           1211,
                           1212,
                           1213,
                           1214,
                           1215,
                           1216,
                           1217,
                           1218,
                           1219,
                           1220,
                           1221,
                           1222,
                           1223,
                           1224,
                           1225,
                           1226,
                           1227,
                           1228,
                           1229,
                           1230,
                           1231,
                           1232,
                           1233,
                           1234,
                           1235,
                           1236,
                           1237,
                           1238,
                           1239,
                           1240,
                           1241,
                           1242,
                           1243,
                           1244,
                           1245,
                           1246,
                           1247,
                           1248,
                           1249,
                           1250,
                           1251,
                           1252,
                           1253,
                           1254,
                           1255,
                           1256,
                           1257,
                           1258,
                           1259,
                           1260,
                           1261,
                           1262,
                           1263,
                           1264,
                           1265,
                           1266,
                           1267,
                           1268,
                           1269,
                           1270,
                           1271,
                           1272,
                           1273,
                           1274,
                           1275,
                           1276,
                           1277,
                           1278,
                           1279,
                           1280,
                           1281,
                           1282,
                           1283,
                           1284,
                           1285,
                           1286,
                           1287,
                           1288,
                           1289,
                           1290,
                           1291,
                           1292,
                           1293,
                           1294,
                           1295,
                           1296,
                           1297,
                           1298,
                           1299,
                           1300,
                           1301,
                           1302,
                           1303,
                           1304,
                           1305,
                           1306,
                           1307,
                           1308,
                           1309,
                           1310,
                           1311,
                           1312,
                           1313,
                           1314,
                           1315,
                           1316,
                           1317,
                           1318,
                           1319,
                           1320,
                           1321,
                           1322,
                           1323,
                           1324,
                           1325,
                           1326,
                           1327,
                           1328,
                           1329,
                           1330,
                           1331,
                           1332,
                           1333,
                           1334,
                           1335,
                           1336,
                           1337,
                           1338,
                           1339,
                           1340,
                           1341,
                           1342,
                           1343,
                           1344,
                           1345,
                           1346,
                           1347,
                           1348,
                           1349,
                           1350,
                           1351,
                           1352,
                           1353,
                           1354,
                           1355,
                           1356,
                           1357,
                           1358,
                           1359,
                           1360,
                           1361,
                           1362,
                           1363,
                           1364,
                           1365,
                           1366,
                           1367],

            # 2D positions of the channels, only for visualization purposes.
            # The unit doesn't matter.
            'geometry': {
                0: (10.0, 0.0),
                1: (10.0, 10.0),
                2: (20.0, 0.0),
                3: (20.0, 10.0),
                4: (30.0, 0.0),
                5: (30.0, 10.0),
                6: (40.0, 0.0),
                7: (40.0, 10.0),
                8: (10.0, 20.0),
                9: (20.0, 20.0),
                10: (20.0, 30.0),
                11: (30.0, 20.0),
                12: (30.0, 30.0),
                13: (40.0, 20.0),
                14: (40.0, 30.0),
                15: (10.0, 40.0),
                16: (10.0, 50.0),
                17: (20.0, 40.0),
                18: (20.0, 50.0),
                19: (30.0, 40.0),
                20: (30.0, 50.0),
                21: (40.0, 40.0),
                22: (40.0, 50.0),
                23: (10.0, 60.0),
                24: (10.0, 70.0),
                25: (20.0, 60.0),
                26: (20.0, 70.0),
                27: (30.0, 60.0),
                28: (40.0, 60.0),
                29: (40.0, 70.0),
                30: (10.0, 80.0),
                31: (10.0, 90.0),
                32: (20.0, 80.0),
                33: (20.0, 90.0),
                34: (30.0, 80.0),
                35: (30.0, 90.0),
                36: (40.0, 80.0),
                37: (40.0, 90.0),
                38: (10.0, 100.0),
                39: (10.0, 110.0),
                40: (20.0, 100.0),
                41: (20.0, 110.0),
                42: (30.0, 100.0),
                43: (30.0, 110.0),
                44: (40.0, 100.0),
                45: (40.0, 110.0),
                46: (10.0, 120.0),
                47: (20.0, 120.0),
                48: (20.0, 130.0),
                49: (30.0, 120.0),
                50: (30.0, 130.0),
                51: (40.0, 120.0),
                52: (40.0, 130.0),
                53: (10.0, 140.0),
                54: (10.0, 150.0),
                55: (20.0, 140.0),
                56: (20.0, 150.0),
                57: (30.0, 140.0),
                58: (30.0, 150.0),
                59: (40.0, 140.0),
                60: (40.0, 150.0),
                61: (10.0, 160.0),
                62: (10.0, 170.0),
                63: (20.0, 160.0),
                64: (20.0, 170.0),
                65: (30.0, 160.0),
                66: (40.0, 160.0),
                67: (40.0, 170.0),
                68: (10.0, 180.0),
                69: (10.0, 190.0),
                70: (20.0, 180.0),
                71: (20.0, 190.0),
                72: (30.0, 180.0),
                73: (30.0, 190.0),
                74: (40.0, 180.0),
                75: (40.0, 190.0),
                76: (10.0, 200.0),
                77: (10.0, 210.0),
                78: (20.0, 200.0),
                79: (20.0, 210.0),
                80: (30.0, 200.0),
                81: (30.0, 210.0),
                82: (40.0, 200.0),
                83: (40.0, 210.0),
                84: (10.0, 220.0),
                85: (20.0, 220.0),
                86: (20.0, 230.0),
                87: (30.0, 220.0),
                88: (30.0, 230.0),
                89: (40.0, 220.0),
                90: (40.0, 230.0),
                91: (10.0, 240.0),
                92: (10.0, 250.0),
                93: (20.0, 240.0),
                94: (20.0, 250.0),
                95: (30.0, 240.0),
                96: (30.0, 250.0),
                97: (40.0, 240.0),
                98: (40.0, 250.0),
                99: (10.0, 260.0),
                100: (10.0, 270.0),
                101: (20.0, 260.0),
                102: (20.0, 270.0),
                103: (30.0, 260.0),
                104: (40.0, 260.0),
                105: (40.0, 270.0),
                106: (10.0, 280.0),
                107: (10.0, 290.0),
                108: (20.0, 280.0),
                109: (20.0, 290.0),
                110: (30.0, 280.0),
                111: (30.0, 290.0),
                112: (40.0, 280.0),
                113: (40.0, 290.0),
                114: (10.0, 300.0),
                115: (10.0, 310.0),
                116: (20.0, 300.0),
                117: (20.0, 310.0),
                118: (30.0, 300.0),
                119: (30.0, 310.0),
                120: (40.0, 300.0),
                121: (40.0, 310.0),
                122: (10.0, 320.0),
                123: (20.0, 320.0),
                124: (20.0, 330.0),
                125: (30.0, 320.0),
                126: (30.0, 330.0),
                127: (40.0, 320.0),
                128: (40.0, 330.0),
                129: (10.0, 340.0),
                130: (10.0, 350.0),
                131: (20.0, 340.0),
                132: (20.0, 350.0),
                133: (30.0, 340.0),
                134: (30.0, 350.0),
                135: (40.0, 340.0),
                136: (40.0, 350.0),
                137: (10.0, 360.0),
                138: (10.0, 370.0),
                139: (20.0, 360.0),
                140: (20.0, 370.0),
                141: (30.0, 360.0),
                142: (40.0, 360.0),
                143: (40.0, 370.0),
                144: (10.0, 380.0),
                145: (10.0, 390.0),
                146: (20.0, 380.0),
                147: (20.0, 390.0),
                148: (30.0, 380.0),
                149: (30.0, 390.0),
                150: (40.0, 380.0),
                151: (40.0, 390.0),
                152: (10.0, 400.0),
                153: (10.0, 410.0),
                154: (20.0, 400.0),
                155: (20.0, 410.0),
                156: (30.0, 400.0),
                157: (30.0, 410.0),
                158: (40.0, 400.0),
                159: (40.0, 410.0),
                160: (10.0, 420.0),
                161: (20.0, 420.0),
                162: (20.0, 430.0),
                163: (30.0, 420.0),
                164: (30.0, 430.0),
                165: (40.0, 420.0),
                166: (40.0, 430.0),
                167: (10.0, 440.0),
                168: (10.0, 450.0),
                169: (20.0, 440.0),
                170: (20.0, 450.0),
                171: (30.0, 440.0),
                172: (30.0, 450.0),
                173: (40.0, 440.0),
                174: (40.0, 450.0),
                175: (10.0, 460.0),
                176: (10.0, 470.0),
                177: (20.0, 460.0),
                178: (20.0, 470.0),
                179: (30.0, 460.0),
                180: (40.0, 460.0),
                181: (40.0, 470.0),
                182: (10.0, 480.0),
                183: (10.0, 490.0),
                184: (20.0, 480.0),
                185: (20.0, 490.0),
                186: (30.0, 480.0),
                187: (30.0, 490.0),
                188: (40.0, 480.0),
                189: (40.0, 490.0),
                190: (10.0, 500.0),
                191: (10.0, 510.0),
                192: (20.0, 500.0),
                193: (20.0, 510.0),
                194: (30.0, 500.0),
                195: (30.0, 510.0),
                196: (40.0, 500.0),
                197: (40.0, 510.0),
                198: (10.0, 520.0),
                199: (20.0, 520.0),
                200: (20.0, 530.0),
                201: (30.0, 520.0),
                202: (30.0, 530.0),
                203: (40.0, 520.0),
                204: (40.0, 530.0),
                205: (10.0, 540.0),
                206: (10.0, 550.0),
                207: (20.0, 540.0),
                208: (20.0, 550.0),
                209: (30.0, 540.0),
                210: (30.0, 550.0),
                211: (40.0, 540.0),
                212: (40.0, 550.0),
                213: (10.0, 560.0),
                214: (10.0, 570.0),
                215: (20.0, 560.0),
                216: (20.0, 570.0),
                217: (30.0, 560.0),
                218: (40.0, 560.0),
                219: (40.0, 570.0),
                220: (10.0, 580.0),
                221: (10.0, 590.0),
                222: (20.0, 580.0),
                223: (20.0, 590.0),
                224: (30.0, 580.0),
                225: (30.0, 590.0),
                226: (40.0, 580.0),
                227: (40.0, 590.0),
                228: (10.0, 600.0),
                229: (10.0, 610.0),
                230: (20.0, 600.0),
                231: (20.0, 610.0),
                232: (30.0, 600.0),
                233: (30.0, 610.0),
                234: (40.0, 600.0),
                235: (40.0, 610.0),
                236: (10.0, 620.0),
                237: (20.0, 620.0),
                238: (20.0, 630.0),
                239: (30.0, 620.0),
                240: (30.0, 630.0),
                241: (40.0, 620.0),
                242: (40.0, 630.0),
                243: (10.0, 640.0),
                244: (10.0, 650.0),
                245: (20.0, 640.0),
                246: (20.0, 650.0),
                247: (30.0, 640.0),
                248: (30.0, 650.0),
                249: (40.0, 640.0),
                250: (40.0, 650.0),
                251: (10.0, 660.0),
                252: (10.0, 670.0),
                253: (20.0, 660.0),
                254: (20.0, 670.0),
                255: (30.0, 660.0),
                256: (40.0, 660.0),
                257: (40.0, 670.0),
                258: (10.0, 680.0),
                259: (10.0, 690.0),
                260: (20.0, 680.0),
                261: (20.0, 690.0),
                262: (30.0, 680.0),
                263: (30.0, 690.0),
                264: (40.0, 680.0),
                265: (40.0, 690.0),
                266: (10.0, 700.0),
                267: (10.0, 710.0),
                268: (20.0, 700.0),
                269: (20.0, 710.0),
                270: (30.0, 700.0),
                271: (30.0, 710.0),
                272: (40.0, 700.0),
                273: (40.0, 710.0),
                274: (10.0, 720.0),
                275: (20.0, 720.0),
                276: (20.0, 730.0),
                277: (30.0, 720.0),
                278: (30.0, 730.0),
                279: (40.0, 720.0),
                280: (40.0, 730.0),
                281: (10.0, 740.0),
                282: (10.0, 750.0),
                283: (20.0, 740.0),
                284: (20.0, 750.0),
                285: (30.0, 740.0),
                286: (30.0, 750.0),
                287: (40.0, 740.0),
                288: (40.0, 750.0),
                289: (10.0, 760.0),
                290: (10.0, 770.0),
                291: (20.0, 760.0),
                292: (20.0, 770.0),
                293: (30.0, 760.0),
                294: (40.0, 760.0),
                295: (40.0, 770.0),
                296: (10.0, 780.0),
                297: (10.0, 790.0),
                298: (20.0, 780.0),
                299: (20.0, 790.0),
                300: (30.0, 780.0),
                301: (30.0, 790.0),
                302: (40.0, 780.0),
                303: (40.0, 790.0),
                304: (10.0, 800.0),
                305: (10.0, 810.0),
                306: (20.0, 800.0),
                307: (20.0, 810.0),
                308: (30.0, 800.0),
                309: (30.0, 810.0),
                310: (40.0, 800.0),
                311: (40.0, 810.0),
                312: (10.0, 820.0),
                313: (20.0, 820.0),
                314: (20.0, 830.0),
                315: (30.0, 820.0),
                316: (30.0, 830.0),
                317: (40.0, 820.0),
                318: (40.0, 830.0),
                319: (10.0, 840.0),
                320: (10.0, 850.0),
                321: (20.0, 840.0),
                322: (20.0, 850.0),
                323: (30.0, 840.0),
                324: (30.0, 850.0),
                325: (40.0, 840.0),
                326: (40.0, 850.0),
                327: (10.0, 860.0),
                328: (10.0, 870.0),
                329: (20.0, 860.0),
                330: (20.0, 870.0),
                331: (30.0, 860.0),
                332: (40.0, 860.0),
                333: (40.0, 870.0),
                334: (10.0, 880.0),
                335: (10.0, 890.0),
                336: (20.0, 880.0),
                337: (20.0, 890.0),
                338: (30.0, 880.0),
                339: (30.0, 890.0),
                340: (40.0, 880.0),
                341: (40.0, 890.0),
                342: (10.0, 900.0),
                343: (10.0, 910.0),
                344: (20.0, 900.0),
                345: (20.0, 910.0),
                346: (30.0, 900.0),
                347: (30.0, 910.0),
                348: (40.0, 900.0),
                349: (40.0, 910.0),
                350: (10.0, 920.0),
                351: (20.0, 920.0),
                352: (20.0, 930.0),
                353: (30.0, 920.0),
                354: (30.0, 930.0),
                355: (40.0, 920.0),
                356: (40.0, 930.0),
                357: (10.0, 940.0),
                358: (10.0, 950.0),
                359: (20.0, 940.0),
                360: (20.0, 950.0),
                361: (30.0, 940.0),
                362: (30.0, 950.0),
                363: (40.0, 940.0),
                364: (40.0, 950.0),
                365: (10.0, 960.0),
                366: (10.0, 970.0),
                367: (20.0, 960.0),
                368: (20.0, 970.0),
                369: (30.0, 960.0),
                370: (40.0, 960.0),
                371: (40.0, 970.0),
                372: (10.0, 980.0),
                373: (10.0, 990.0),
                374: (20.0, 980.0),
                375: (20.0, 990.0),
                376: (30.0, 980.0),
                377: (30.0, 990.0),
                378: (40.0, 980.0),
                379: (40.0, 990.0),
                380: (10.0, 1000.0),
                381: (10.0, 1010.0),
                382: (20.0, 1000.0),
                383: (20.0, 1010.0),
                384: (30.0, 1000.0),
                385: (30.0, 1010.0),
                386: (40.0, 1000.0),
                387: (40.0, 1010.0),
                388: (10.0, 1020.0),
                389: (20.0, 1020.0),
                390: (20.0, 1030.0),
                391: (30.0, 1020.0),
                392: (30.0, 1030.0),
                393: (40.0, 1020.0),
                394: (40.0, 1030.0),
                395: (10.0, 1040.0),
                396: (10.0, 1050.0),
                397: (20.0, 1040.0),
                398: (20.0, 1050.0),
                399: (30.0, 1040.0),
                400: (30.0, 1050.0),
                401: (40.0, 1040.0),
                402: (40.0, 1050.0),
                403: (10.0, 1060.0),
                404: (10.0, 1070.0),
                405: (20.0, 1060.0),
                406: (20.0, 1070.0),
                407: (30.0, 1060.0),
                408: (40.0, 1060.0),
                409: (40.0, 1070.0),
                410: (10.0, 1080.0),
                411: (10.0, 1090.0),
                412: (20.0, 1080.0),
                413: (20.0, 1090.0),
                414: (30.0, 1080.0),
                415: (30.0, 1090.0),
                416: (40.0, 1080.0),
                417: (40.0, 1090.0),
                418: (10.0, 1100.0),
                419: (10.0, 1110.0),
                420: (20.0, 1100.0),
                421: (20.0, 1110.0),
                422: (30.0, 1100.0),
                423: (30.0, 1110.0),
                424: (40.0, 1100.0),
                425: (40.0, 1110.0),
                426: (10.0, 1120.0),
                427: (20.0, 1120.0),
                428: (20.0, 1130.0),
                429: (30.0, 1120.0),
                430: (30.0, 1130.0),
                431: (40.0, 1120.0),
                432: (40.0, 1130.0),
                433: (10.0, 1140.0),
                434: (10.0, 1150.0),
                435: (20.0, 1140.0),
                436: (20.0, 1150.0),
                437: (30.0, 1140.0),
                438: (30.0, 1150.0),
                439: (40.0, 1140.0),
                440: (40.0, 1150.0),
                441: (10.0, 1160.0),
                442: (10.0, 1170.0),
                443: (20.0, 1160.0),
                444: (20.0, 1170.0),
                445: (30.0, 1160.0),
                446: (40.0, 1160.0),
                447: (40.0, 1170.0),
                448: (10.0, 1180.0),
                449: (10.0, 1190.0),
                450: (20.0, 1180.0),
                451: (20.0, 1190.0),
                452: (30.0, 1180.0),
                453: (30.0, 1190.0),
                454: (40.0, 1180.0),
                455: (40.0, 1190.0),
                456: (10.0, 1200.0),
                457: (10.0, 1210.0),
                458: (20.0, 1200.0),
                459: (20.0, 1210.0),
                460: (30.0, 1200.0),
                461: (30.0, 1210.0),
                462: (40.0, 1200.0),
                463: (40.0, 1210.0),
                464: (10.0, 1220.0),
                465: (20.0, 1220.0),
                466: (20.0, 1230.0),
                467: (30.0, 1220.0),
                468: (30.0, 1230.0),
                469: (40.0, 1220.0),
                470: (40.0, 1230.0),
                471: (10.0, 1240.0),
                472: (10.0, 1250.0),
                473: (20.0, 1240.0),
                474: (20.0, 1250.0),
                475: (30.0, 1240.0),
                476: (30.0, 1250.0),
                477: (40.0, 1240.0),
                478: (40.0, 1250.0),
                479: (10.0, 1260.0),
                480: (10.0, 1270.0),
                481: (20.0, 1260.0),
                482: (20.0, 1270.0),
                483: (30.0, 1260.0),
                484: (40.0, 1260.0),
                485: (40.0, 1270.0),
                486: (10.0, 1280.0),
                487: (10.0, 1290.0),
                488: (20.0, 1280.0),
                489: (20.0, 1290.0),
                490: (30.0, 1280.0),
                491: (30.0, 1290.0),
                492: (40.0, 1280.0),
                493: (40.0, 1290.0),
                494: (10.0, 1300.0),
                495: (10.0, 1310.0),
                496: (20.0, 1300.0),
                497: (20.0, 1310.0),
                498: (30.0, 1300.0),
                499: (30.0, 1310.0),
                500: (40.0, 1300.0),
                501: (40.0, 1310.0),
                502: (10.0, 1320.0),
                503: (20.0, 1320.0),
                504: (20.0, 1330.0),
                505: (30.0, 1320.0),
                506: (30.0, 1330.0),
                507: (40.0, 1320.0),
                508: (40.0, 1330.0),
                509: (10.0, 1340.0),
                510: (10.0, 1350.0),
                511: (20.0, 1340.0),
                512: (20.0, 1350.0),
                513: (30.0, 1340.0),
                514: (30.0, 1350.0),
                515: (40.0, 1340.0),
                516: (40.0, 1350.0),
                517: (10.0, 1360.0),
                518: (10.0, 1370.0),
                519: (20.0, 1360.0),
                520: (20.0, 1370.0),
                521: (30.0, 1360.0),
                522: (40.0, 1360.0),
                523: (40.0, 1370.0),
                524: (10.0, 1380.0),
                525: (10.0, 1390.0),
                526: (20.0, 1380.0),
                527: (20.0, 1390.0),
                528: (30.0, 1380.0),
                529: (30.0, 1390.0),
                530: (40.0, 1380.0),
                531: (40.0, 1390.0),
                532: (10.0, 1400.0),
                533: (10.0, 1410.0),
                534: (20.0, 1400.0),
                535: (20.0, 1410.0),
                536: (30.0, 1400.0),
                537: (30.0, 1410.0),
                538: (40.0, 1400.0),
                539: (40.0, 1410.0),
                540: (10.0, 1420.0),
                541: (20.0, 1420.0),
                542: (20.0, 1430.0),
                543: (30.0, 1420.0),
                544: (30.0, 1430.0),
                545: (40.0, 1420.0),
                546: (40.0, 1430.0),
                547: (10.0, 1440.0),
                548: (10.0, 1450.0),
                549: (20.0, 1440.0),
                550: (20.0, 1450.0),
                551: (30.0, 1440.0),
                552: (30.0, 1450.0),
                553: (40.0, 1440.0),
                554: (40.0, 1450.0),
                555: (10.0, 1460.0),
                556: (10.0, 1470.0),
                557: (20.0, 1460.0),
                558: (20.0, 1470.0),
                559: (30.0, 1460.0),
                560: (40.0, 1460.0),
                561: (40.0, 1470.0),
                562: (10.0, 1480.0),
                563: (10.0, 1490.0),
                564: (20.0, 1480.0),
                565: (20.0, 1490.0),
                566: (30.0, 1480.0),
                567: (30.0, 1490.0),
                568: (40.0, 1480.0),
                569: (40.0, 1490.0),
                570: (10.0, 1500.0),
                571: (10.0, 1510.0),
                572: (20.0, 1500.0),
                573: (20.0, 1510.0),
                574: (30.0, 1500.0),
                575: (30.0, 1510.0),
                576: (40.0, 1500.0),
                577: (40.0, 1510.0),
                578: (10.0, 1520.0),
                579: (20.0, 1520.0),
                580: (20.0, 1530.0),
                581: (30.0, 1520.0),
                582: (30.0, 1530.0),
                583: (40.0, 1520.0),
                584: (40.0, 1530.0),
                585: (10.0, 1540.0),
                586: (10.0, 1550.0),
                587: (20.0, 1540.0),
                588: (20.0, 1550.0),
                589: (30.0, 1540.0),
                590: (30.0, 1550.0),
                591: (40.0, 1540.0),
                592: (40.0, 1550.0),
                593: (10.0, 1560.0),
                594: (10.0, 1570.0),
                595: (20.0, 1560.0),
                596: (20.0, 1570.0),
                597: (30.0, 1560.0),
                598: (40.0, 1560.0),
                599: (40.0, 1570.0),
                600: (10.0, 1580.0),
                601: (10.0, 1590.0),
                602: (20.0, 1580.0),
                603: (20.0, 1590.0),
                604: (30.0, 1580.0),
                605: (30.0, 1590.0),
                606: (40.0, 1580.0),
                607: (40.0, 1590.0),
                608: (10.0, 1600.0),
                609: (10.0, 1610.0),
                610: (20.0, 1600.0),
                611: (20.0, 1610.0),
                612: (30.0, 1600.0),
                613: (30.0, 1610.0),
                614: (40.0, 1600.0),
                615: (40.0, 1610.0),
                616: (10.0, 1620.0),
                617: (20.0, 1620.0),
                618: (20.0, 1630.0),
                619: (30.0, 1620.0),
                620: (30.0, 1630.0),
                621: (40.0, 1620.0),
                622: (40.0, 1630.0),
                623: (10.0, 1640.0),
                624: (10.0, 1650.0),
                625: (20.0, 1640.0),
                626: (20.0, 1650.0),
                627: (30.0, 1640.0),
                628: (30.0, 1650.0),
                629: (40.0, 1640.0),
                630: (40.0, 1650.0),
                631: (10.0, 1660.0),
                632: (10.0, 1670.0),
                633: (20.0, 1660.0),
                634: (20.0, 1670.0),
                635: (30.0, 1660.0),
                636: (40.0, 1660.0),
                637: (40.0, 1670.0),
                638: (10.0, 1680.0),
                639: (10.0, 1690.0),
                640: (20.0, 1680.0),
                641: (20.0, 1690.0),
                642: (30.0, 1680.0),
                643: (30.0, 1690.0),
                644: (40.0, 1680.0),
                645: (40.0, 1690.0),
                646: (10.0, 1700.0),
                647: (10.0, 1710.0),
                648: (20.0, 1700.0),
                649: (20.0, 1710.0),
                650: (30.0, 1700.0),
                651: (30.0, 1710.0),
                652: (40.0, 1700.0),
                653: (40.0, 1710.0),
                654: (10.0, 1720.0),
                655: (20.0, 1720.0),
                656: (20.0, 1730.0),
                657: (30.0, 1720.0),
                658: (30.0, 1730.0),
                659: (40.0, 1720.0),
                660: (40.0, 1730.0),
                661: (10.0, 1740.0),
                662: (10.0, 1750.0),
                663: (20.0, 1740.0),
                664: (20.0, 1750.0),
                665: (30.0, 1740.0),
                666: (30.0, 1750.0),
                667: (40.0, 1740.0),
                668: (40.0, 1750.0),
                669: (10.0, 1760.0),
                670: (10.0, 1770.0),
                671: (20.0, 1760.0),
                672: (20.0, 1770.0),
                673: (30.0, 1760.0),
                674: (40.0, 1760.0),
                675: (40.0, 1770.0),
                676: (10.0, 1780.0),
                677: (10.0, 1790.0),
                678: (20.0, 1780.0),
                679: (20.0, 1790.0),
                680: (30.0, 1780.0),
                681: (30.0, 1790.0),
                682: (40.0, 1780.0),
                683: (40.0, 1790.0),
                684: (10.0, 1800.0),
                685: (10.0, 1810.0),
                686: (20.0, 1800.0),
                687: (20.0, 1810.0),
                688: (30.0, 1800.0),
                689: (30.0, 1810.0),
                690: (40.0, 1800.0),
                691: (40.0, 1810.0),
                692: (10.0, 1820.0),
                693: (20.0, 1820.0),
                694: (20.0, 1830.0),
                695: (30.0, 1820.0),
                696: (30.0, 1830.0),
                697: (40.0, 1820.0),
                698: (40.0, 1830.0),
                699: (10.0, 1840.0),
                700: (10.0, 1850.0),
                701: (20.0, 1840.0),
                702: (20.0, 1850.0),
                703: (30.0, 1840.0),
                704: (30.0, 1850.0),
                705: (40.0, 1840.0),
                706: (40.0, 1850.0),
                707: (10.0, 1860.0),
                708: (10.0, 1870.0),
                709: (20.0, 1860.0),
                710: (20.0, 1870.0),
                711: (30.0, 1860.0),
                712: (40.0, 1860.0),
                713: (40.0, 1870.0),
                714: (10.0, 1880.0),
                715: (10.0, 1890.0),
                716: (20.0, 1880.0),
                717: (20.0, 1890.0),
                718: (30.0, 1880.0),
                719: (30.0, 1890.0),
                720: (40.0, 1880.0),
                721: (40.0, 1890.0),
                722: (10.0, 1900.0),
                723: (10.0, 1910.0),
                724: (20.0, 1900.0),
                725: (20.0, 1910.0),
                726: (30.0, 1900.0),
                727: (30.0, 1910.0),
                728: (40.0, 1900.0),
                729: (40.0, 1910.0),
                730: (10.0, 1920.0),
                731: (20.0, 1920.0),
                732: (20.0, 1930.0),
                733: (30.0, 1920.0),
                734: (30.0, 1930.0),
                735: (40.0, 1920.0),
                736: (40.0, 1930.0),
                737: (10.0, 1940.0),
                738: (10.0, 1950.0),
                739: (20.0, 1940.0),
                740: (20.0, 1950.0),
                741: (30.0, 1940.0),
                742: (30.0, 1950.0),
                743: (40.0, 1940.0),
                744: (40.0, 1950.0),
                745: (10.0, 1960.0),
                746: (10.0, 1970.0),
                747: (20.0, 1960.0),
                748: (20.0, 1970.0),
                749: (30.0, 1960.0),
                750: (40.0, 1960.0),
                751: (40.0, 1970.0),
                752: (10.0, 1980.0),
                753: (10.0, 1990.0),
                754: (20.0, 1980.0),
                755: (20.0, 1990.0),
                756: (30.0, 1980.0),
                757: (30.0, 1990.0),
                758: (40.0, 1980.0),
                759: (40.0, 1990.0),
                760: (10.0, 2000.0),
                761: (10.0, 2010.0),
                762: (20.0, 2000.0),
                763: (20.0, 2010.0),
                764: (30.0, 2000.0),
                765: (30.0, 2010.0),
                766: (40.0, 2000.0),
                767: (40.0, 2010.0),
                768: (10.0, 2020.0),
                769: (20.0, 2020.0),
                770: (20.0, 2030.0),
                771: (30.0, 2020.0),
                772: (30.0, 2030.0),
                773: (40.0, 2020.0),
                774: (40.0, 2030.0),
                775: (10.0, 2040.0),
                776: (10.0, 2050.0),
                777: (20.0, 2040.0),
                778: (20.0, 2050.0),
                779: (30.0, 2040.0),
                780: (30.0, 2050.0),
                781: (40.0, 2040.0),
                782: (40.0, 2050.0),
                783: (10.0, 2060.0),
                784: (10.0, 2070.0),
                785: (20.0, 2060.0),
                786: (20.0, 2070.0),
                787: (30.0, 2060.0),
                788: (40.0, 2060.0),
                789: (40.0, 2070.0),
                790: (10.0, 2080.0),
                791: (10.0, 2090.0),
                792: (20.0, 2080.0),
                793: (20.0, 2090.0),
                794: (30.0, 2080.0),
                795: (30.0, 2090.0),
                796: (40.0, 2080.0),
                797: (40.0, 2090.0),
                798: (10.0, 2100.0),
                799: (10.0, 2110.0),
                800: (20.0, 2100.0),
                801: (20.0, 2110.0),
                802: (30.0, 2100.0),
                803: (30.0, 2110.0),
                804: (40.0, 2100.0),
                805: (40.0, 2110.0),
                806: (10.0, 2120.0),
                807: (20.0, 2120.0),
                808: (20.0, 2130.0),
                809: (30.0, 2120.0),
                810: (30.0, 2130.0),
                811: (40.0, 2120.0),
                812: (40.0, 2130.0),
                813: (10.0, 2140.0),
                814: (10.0, 2150.0),
                815: (20.0, 2140.0),
                816: (20.0, 2150.0),
                817: (30.0, 2140.0),
                818: (30.0, 2150.0),
                819: (40.0, 2140.0),
                820: (40.0, 2150.0),
                821: (10.0, 2160.0),
                822: (10.0, 2170.0),
                823: (20.0, 2160.0),
                824: (20.0, 2170.0),
                825: (30.0, 2160.0),
                826: (40.0, 2160.0),
                827: (40.0, 2170.0),
                828: (10.0, 2180.0),
                829: (10.0, 2190.0),
                830: (20.0, 2180.0),
                831: (20.0, 2190.0),
                832: (30.0, 2180.0),
                833: (30.0, 2190.0),
                834: (40.0, 2180.0),
                835: (40.0, 2190.0),
                836: (10.0, 2200.0),
                837: (10.0, 2210.0),
                838: (20.0, 2200.0),
                839: (20.0, 2210.0),
                840: (30.0, 2200.0),
                841: (30.0, 2210.0),
                842: (40.0, 2200.0),
                843: (40.0, 2210.0),
                844: (10.0, 2220.0),
                845: (20.0, 2220.0),
                846: (20.0, 2230.0),
                847: (30.0, 2220.0),
                848: (30.0, 2230.0),
                849: (40.0, 2220.0),
                850: (40.0, 2230.0),
                851: (10.0, 2240.0),
                852: (10.0, 2250.0),
                853: (20.0, 2240.0),
                854: (20.0, 2250.0),
                855: (30.0, 2240.0),
                856: (30.0, 2250.0),
                857: (40.0, 2240.0),
                858: (40.0, 2250.0),
                859: (10.0, 2260.0),
                860: (10.0, 2270.0),
                861: (20.0, 2260.0),
                862: (20.0, 2270.0),
                863: (30.0, 2260.0),
                864: (40.0, 2260.0),
                865: (40.0, 2270.0),
                866: (10.0, 2280.0),
                867: (10.0, 2290.0),
                868: (20.0, 2280.0),
                869: (20.0, 2290.0),
                870: (30.0, 2280.0),
                871: (30.0, 2290.0),
                872: (40.0, 2280.0),
                873: (40.0, 2290.0),
                874: (10.0, 2300.0),
                875: (10.0, 2310.0),
                876: (20.0, 2300.0),
                877: (20.0, 2310.0),
                878: (30.0, 2300.0),
                879: (30.0, 2310.0),
                880: (40.0, 2300.0),
                881: (40.0, 2310.0),
                882: (10.0, 2320.0),
                883: (20.0, 2320.0),
                884: (20.0, 2330.0),
                885: (30.0, 2320.0),
                886: (30.0, 2330.0),
                887: (40.0, 2320.0),
                888: (40.0, 2330.0),
                889: (10.0, 2340.0),
                890: (10.0, 2350.0),
                891: (20.0, 2340.0),
                892: (20.0, 2350.0),
                893: (30.0, 2340.0),
                894: (30.0, 2350.0),
                895: (40.0, 2340.0),
                896: (40.0, 2350.0),
                897: (10.0, 2360.0),
                898: (10.0, 2370.0),
                899: (20.0, 2360.0),
                900: (20.0, 2370.0),
                901: (30.0, 2360.0),
                902: (40.0, 2360.0),
                903: (40.0, 2370.0),
                904: (10.0, 2380.0),
                905: (10.0, 2390.0),
                906: (20.0, 2380.0),
                907: (20.0, 2390.0),
                908: (30.0, 2380.0),
                909: (30.0, 2390.0),
                910: (40.0, 2380.0),
                911: (40.0, 2390.0),
                912: (10.0, 2400.0),
                913: (10.0, 2410.0),
                914: (20.0, 2400.0),
                915: (20.0, 2410.0),
                916: (30.0, 2400.0),
                917: (30.0, 2410.0),
                918: (40.0, 2400.0),
                919: (40.0, 2410.0),
                920: (10.0, 2420.0),
                921: (20.0, 2420.0),
                922: (20.0, 2430.0),
                923: (30.0, 2420.0),
                924: (30.0, 2430.0),
                925: (40.0, 2420.0),
                926: (40.0, 2430.0),
                927: (10.0, 2440.0),
                928: (10.0, 2450.0),
                929: (20.0, 2440.0),
                930: (20.0, 2450.0),
                931: (30.0, 2440.0),
                932: (30.0, 2450.0),
                933: (40.0, 2440.0),
                934: (40.0, 2450.0),
                935: (10.0, 2460.0),
                936: (10.0, 2470.0),
                937: (20.0, 2460.0),
                938: (20.0, 2470.0),
                939: (30.0, 2460.0),
                940: (40.0, 2460.0),
                941: (40.0, 2470.0),
                942: (10.0, 2480.0),
                943: (10.0, 2490.0),
                944: (20.0, 2480.0),
                945: (20.0, 2490.0),
                946: (30.0, 2480.0),
                947: (30.0, 2490.0),
                948: (40.0, 2480.0),
                949: (40.0, 2490.0),
                950: (10.0, 2500.0),
                951: (10.0, 2510.0),
                952: (20.0, 2500.0),
                953: (20.0, 2510.0),
                954: (30.0, 2500.0),
                955: (30.0, 2510.0),
                956: (40.0, 2500.0),
                957: (40.0, 2510.0),
                958: (10.0, 2520.0),
                959: (20.0, 2520.0),
                960: (20.0, 2530.0),
                961: (30.0, 2520.0),
                962: (30.0, 2530.0),
                963: (40.0, 2520.0),
                964: (40.0, 2530.0),
                965: (10.0, 2540.0),
                966: (10.0, 2550.0),
                967: (20.0, 2540.0),
                968: (20.0, 2550.0),
                969: (30.0, 2540.0),
                970: (30.0, 2550.0),
                971: (40.0, 2540.0),
                972: (40.0, 2550.0),
                973: (10.0, 2560.0),
                974: (10.0, 2570.0),
                975: (20.0, 2560.0),
                976: (20.0, 2570.0),
                977: (30.0, 2560.0),
                978: (40.0, 2560.0),
                979: (40.0, 2570.0),
                980: (10.0, 2580.0),
                981: (10.0, 2590.0),
                982: (20.0, 2580.0),
                983: (20.0, 2590.0),
                984: (30.0, 2580.0),
                985: (30.0, 2590.0),
                986: (40.0, 2580.0),
                987: (40.0, 2590.0),
                988: (10.0, 2600.0),
                989: (10.0, 2610.0),
                990: (20.0, 2600.0),
                991: (20.0, 2610.0),
                992: (30.0, 2600.0),
                993: (30.0, 2610.0),
                994: (40.0, 2600.0),
                995: (40.0, 2610.0),
                996: (10.0, 2620.0),
                997: (20.0, 2620.0),
                998: (20.0, 2630.0),
                999: (30.0, 2620.0),
                1000: (30.0, 2630.0),
                1001: (40.0, 2620.0),
                1002: (40.0, 2630.0),
                1003: (10.0, 2640.0),
                1004: (10.0, 2650.0),
                1005: (20.0, 2640.0),
                1006: (20.0, 2650.0),
                1007: (30.0, 2640.0),
                1008: (30.0, 2650.0),
                1009: (40.0, 2640.0),
                1010: (40.0, 2650.0),
                1011: (10.0, 2660.0),
                1012: (10.0, 2670.0),
                1013: (20.0, 2660.0),
                1014: (20.0, 2670.0),
                1015: (30.0, 2660.0),
                1016: (40.0, 2660.0),
                1017: (40.0, 2670.0),
                1018: (10.0, 2680.0),
                1019: (10.0, 2690.0),
                1020: (20.0, 2680.0),
                1021: (20.0, 2690.0),
                1022: (30.0, 2680.0),
                1023: (30.0, 2690.0),
                1024: (40.0, 2680.0),
                1025: (40.0, 2690.0),
                1026: (10.0, 2700.0),
                1027: (10.0, 2710.0),
                1028: (20.0, 2700.0),
                1029: (20.0, 2710.0),
                1030: (30.0, 2700.0),
                1031: (30.0, 2710.0),
                1032: (40.0, 2700.0),
                1033: (40.0, 2710.0),
                1034: (10.0, 2720.0),
                1035: (20.0, 2720.0),
                1036: (20.0, 2730.0),
                1037: (30.0, 2720.0),
                1038: (30.0, 2730.0),
                1039: (40.0, 2720.0),
                1040: (40.0, 2730.0),
                1041: (10.0, 2740.0),
                1042: (10.0, 2750.0),
                1043: (20.0, 2740.0),
                1044: (20.0, 2750.0),
                1045: (30.0, 2740.0),
                1046: (30.0, 2750.0),
                1047: (40.0, 2740.0),
                1048: (40.0, 2750.0),
                1049: (10.0, 2760.0),
                1050: (10.0, 2770.0),
                1051: (20.0, 2760.0),
                1052: (20.0, 2770.0),
                1053: (30.0, 2760.0),
                1054: (40.0, 2760.0),
                1055: (40.0, 2770.0),
                1056: (10.0, 2780.0),
                1057: (10.0, 2790.0),
                1058: (20.0, 2780.0),
                1059: (20.0, 2790.0),
                1060: (30.0, 2780.0),
                1061: (30.0, 2790.0),
                1062: (40.0, 2780.0),
                1063: (40.0, 2790.0),
                1064: (10.0, 2800.0),
                1065: (10.0, 2810.0),
                1066: (20.0, 2800.0),
                1067: (20.0, 2810.0),
                1068: (30.0, 2800.0),
                1069: (30.0, 2810.0),
                1070: (40.0, 2800.0),
                1071: (40.0, 2810.0),
                1072: (10.0, 2820.0),
                1073: (20.0, 2820.0),
                1074: (20.0, 2830.0),
                1075: (30.0, 2820.0),
                1076: (30.0, 2830.0),
                1077: (40.0, 2820.0),
                1078: (40.0, 2830.0),
                1079: (10.0, 2840.0),
                1080: (10.0, 2850.0),
                1081: (20.0, 2840.0),
                1082: (20.0, 2850.0),
                1083: (30.0, 2840.0),
                1084: (30.0, 2850.0),
                1085: (40.0, 2840.0),
                1086: (40.0, 2850.0),
                1087: (10.0, 2860.0),
                1088: (10.0, 2870.0),
                1089: (20.0, 2860.0),
                1090: (20.0, 2870.0),
                1091: (30.0, 2860.0),
                1092: (40.0, 2860.0),
                1093: (40.0, 2870.0),
                1094: (10.0, 2880.0),
                1095: (10.0, 2890.0),
                1096: (20.0, 2880.0),
                1097: (20.0, 2890.0),
                1098: (30.0, 2880.0),
                1099: (30.0, 2890.0),
                1100: (40.0, 2880.0),
                1101: (40.0, 2890.0),
                1102: (10.0, 2900.0),
                1103: (10.0, 2910.0),
                1104: (20.0, 2900.0),
                1105: (20.0, 2910.0),
                1106: (30.0, 2900.0),
                1107: (30.0, 2910.0),
                1108: (40.0, 2900.0),
                1109: (40.0, 2910.0),
                1110: (10.0, 2920.0),
                1111: (20.0, 2920.0),
                1112: (20.0, 2930.0),
                1113: (30.0, 2920.0),
                1114: (30.0, 2930.0),
                1115: (40.0, 2920.0),
                1116: (40.0, 2930.0),
                1117: (10.0, 2940.0),
                1118: (10.0, 2950.0),
                1119: (20.0, 2940.0),
                1120: (20.0, 2950.0),
                1121: (30.0, 2940.0),
                1122: (30.0, 2950.0),
                1123: (40.0, 2940.0),
                1124: (40.0, 2950.0),
                1125: (10.0, 2960.0),
                1126: (10.0, 2970.0),
                1127: (20.0, 2960.0),
                1128: (20.0, 2970.0),
                1129: (30.0, 2960.0),
                1130: (40.0, 2960.0),
                1131: (40.0, 2970.0),
                1132: (10.0, 2980.0),
                1133: (10.0, 2990.0),
                1134: (20.0, 2980.0),
                1135: (20.0, 2990.0),
                1136: (30.0, 2980.0),
                1137: (30.0, 2990.0),
                1138: (40.0, 2980.0),
                1139: (40.0, 2990.0),
                1140: (10.0, 3000.0),
                1141: (10.0, 3010.0),
                1142: (20.0, 3000.0),
                1143: (20.0, 3010.0),
                1144: (30.0, 3000.0),
                1145: (30.0, 3010.0),
                1146: (40.0, 3000.0),
                1147: (40.0, 3010.0),
                1148: (10.0, 3020.0),
                1149: (20.0, 3020.0),
                1150: (20.0, 3030.0),
                1151: (30.0, 3020.0),
                1152: (30.0, 3030.0),
                1153: (40.0, 3020.0),
                1154: (40.0, 3030.0),
                1155: (10.0, 3040.0),
                1156: (10.0, 3050.0),
                1157: (20.0, 3040.0),
                1158: (20.0, 3050.0),
                1159: (30.0, 3040.0),
                1160: (30.0, 3050.0),
                1161: (40.0, 3040.0),
                1162: (40.0, 3050.0),
                1163: (10.0, 3060.0),
                1164: (10.0, 3070.0),
                1165: (20.0, 3060.0),
                1166: (20.0, 3070.0),
                1167: (30.0, 3060.0),
                1168: (40.0, 3060.0),
                1169: (40.0, 3070.0),
                1170: (10.0, 3080.0),
                1171: (10.0, 3090.0),
                1172: (20.0, 3080.0),
                1173: (20.0, 3090.0),
                1174: (30.0, 3080.0),
                1175: (30.0, 3090.0),
                1176: (40.0, 3080.0),
                1177: (40.0, 3090.0),
                1178: (10.0, 3100.0),
                1179: (10.0, 3110.0),
                1180: (20.0, 3100.0),
                1181: (20.0, 3110.0),
                1182: (30.0, 3100.0),
                1183: (30.0, 3110.0),
                1184: (40.0, 3100.0),
                1185: (40.0, 3110.0),
                1186: (10.0, 3120.0),
                1187: (20.0, 3120.0),
                1188: (20.0, 3130.0),
                1189: (30.0, 3120.0),
                1190: (30.0, 3130.0),
                1191: (40.0, 3120.0),
                1192: (40.0, 3130.0),
                1193: (10.0, 3140.0),
                1194: (10.0, 3150.0),
                1195: (20.0, 3140.0),
                1196: (20.0, 3150.0),
                1197: (30.0, 3140.0),
                1198: (30.0, 3150.0),
                1199: (40.0, 3140.0),
                1200: (40.0, 3150.0),
                1201: (10.0, 3160.0),
                1202: (10.0, 3170.0),
                1203: (20.0, 3160.0),
                1204: (20.0, 3170.0),
                1205: (30.0, 3160.0),
                1206: (40.0, 3160.0),
                1207: (40.0, 3170.0),
                1208: (10.0, 3180.0),
                1209: (10.0, 3190.0),
                1210: (20.0, 3180.0),
                1211: (20.0, 3190.0),
                1212: (30.0, 3180.0),
                1213: (30.0, 3190.0),
                1214: (40.0, 3180.0),
                1215: (40.0, 3190.0),
                1216: (10.0, 3200.0),
                1217: (10.0, 3210.0),
                1218: (20.0, 3200.0),
                1219: (20.0, 3210.0),
                1220: (30.0, 3200.0),
                1221: (30.0, 3210.0),
                1222: (40.0, 3200.0),
                1223: (40.0, 3210.0),
                1224: (10.0, 3220.0),
                1225: (20.0, 3220.0),
                1226: (20.0, 3230.0),
                1227: (30.0, 3220.0),
                1228: (30.0, 3230.0),
                1229: (40.0, 3220.0),
                1230: (40.0, 3230.0),
                1231: (10.0, 3240.0),
                1232: (10.0, 3250.0),
                1233: (20.0, 3240.0),
                1234: (20.0, 3250.0),
                1235: (30.0, 3240.0),
                1236: (30.0, 3250.0),
                1237: (40.0, 3240.0),
                1238: (40.0, 3250.0),
                1239: (10.0, 3260.0),
                1240: (10.0, 3270.0),
                1241: (20.0, 3260.0),
                1242: (20.0, 3270.0),
                1243: (30.0, 3260.0),
                1244: (40.0, 3260.0),
                1245: (40.0, 3270.0),
                1246: (10.0, 3280.0),
                1247: (10.0, 3290.0),
                1248: (20.0, 3280.0),
                1249: (20.0, 3290.0),
                1250: (30.0, 3280.0),
                1251: (30.0, 3290.0),
                1252: (40.0, 3280.0),
                1253: (40.0, 3290.0),
                1254: (10.0, 3300.0),
                1255: (10.0, 3310.0),
                1256: (20.0, 3300.0),
                1257: (20.0, 3310.0),
                1258: (30.0, 3300.0),
                1259: (30.0, 3310.0),
                1260: (40.0, 3300.0),
                1261: (40.0, 3310.0),
                1262: (10.0, 3320.0),
                1263: (20.0, 3320.0),
                1264: (20.0, 3330.0),
                1265: (30.0, 3320.0),
                1266: (30.0, 3330.0),
                1267: (40.0, 3320.0),
                1268: (40.0, 3330.0),
                1269: (10.0, 3340.0),
                1270: (10.0, 3350.0),
                1271: (20.0, 3340.0),
                1272: (20.0, 3350.0),
                1273: (30.0, 3340.0),
                1274: (30.0, 3350.0),
                1275: (40.0, 3340.0),
                1276: (40.0, 3350.0),
                1277: (10.0, 3360.0),
                1278: (10.0, 3370.0),
                1279: (20.0, 3360.0),
                1280: (20.0, 3370.0),
                1281: (30.0, 3360.0),
                1282: (40.0, 3360.0),
                1283: (40.0, 3370.0),
                1284: (10.0, 3380.0),
                1285: (10.0, 3390.0),
                1286: (20.0, 3380.0),
                1287: (20.0, 3390.0),
                1288: (30.0, 3380.0),
                1289: (30.0, 3390.0),
                1290: (40.0, 3380.0),
                1291: (40.0, 3390.0),
                1292: (10.0, 3400.0),
                1293: (10.0, 3410.0),
                1294: (20.0, 3400.0),
                1295: (20.0, 3410.0),
                1296: (30.0, 3400.0),
                1297: (30.0, 3410.0),
                1298: (40.0, 3400.0),
                1299: (40.0, 3410.0),
                1300: (10.0, 3420.0),
                1301: (20.0, 3420.0),
                1302: (20.0, 3430.0),
                1303: (30.0, 3420.0),
                1304: (30.0, 3430.0),
                1305: (40.0, 3420.0),
                1306: (40.0, 3430.0),
                1307: (10.0, 3440.0),
                1308: (10.0, 3450.0),
                1309: (20.0, 3440.0),
                1310: (20.0, 3450.0),
                1311: (30.0, 3440.0),
                1312: (30.0, 3450.0),
                1313: (40.0, 3440.0),
                1314: (40.0, 3450.0),
                1315: (10.0, 3460.0),
                1316: (10.0, 3470.0),
                1317: (20.0, 3460.0),
                1318: (20.0, 3470.0),
                1319: (30.0, 3460.0),
                1320: (40.0, 3460.0),
                1321: (40.0, 3470.0),
                1322: (10.0, 3480.0),
                1323: (10.0, 3490.0),
                1324: (20.0, 3480.0),
                1325: (20.0, 3490.0),
                1326: (30.0, 3480.0),
                1327: (30.0, 3490.0),
                1328: (40.0, 3480.0),
                1329: (40.0, 3490.0),
                1330: (10.0, 3500.0),
                1331: (10.0, 3510.0),
                1332: (20.0, 3500.0),
                1333: (20.0, 3510.0),
                1334: (30.0, 3500.0),
                1335: (30.0, 3510.0),
                1336: (40.0, 3500.0),
                1337: (40.0, 3510.0),
                1338: (10.0, 3520.0),
                1339: (20.0, 3520.0),
                1340: (20.0, 3530.0),
                1341: (30.0, 3520.0),
                1342: (30.0, 3530.0),
                1343: (40.0, 3520.0),
                1344: (40.0, 3530.0),
                1345: (10.0, 3540.0),
                1346: (10.0, 3550.0),
                1347: (20.0, 3540.0),
                1348: (20.0, 3550.0),
                1349: (30.0, 3540.0),
                1350: (30.0, 3550.0),
                1351: (40.0, 3540.0),
                1352: (40.0, 3550.0),
                1353: (10.0, 3560.0),
                1354: (10.0, 3570.0),
                1355: (20.0, 3560.0),
                1356: (20.0, 3570.0),
                1357: (30.0, 3560.0),
                1358: (40.0, 3560.0),
                1359: (40.0, 3570.0),
                1360: (10.0, 3580.0),
                1361: (10.0, 3590.0),
                1362: (20.0, 3580.0),
                1363: (20.0, 3590.0),
                1364: (30.0, 3580.0),
                1365: (30.0, 3590.0),
                1366: (40.0, 3580.0),
                1367: (40.0, 3590.0),
            }
    }
}
